crossdata <-
structure(list(Observation = 1:19, x1 = c(2, 2, 2, 2, 2, 2, 2, 
2, 2, 2, 2, 3, 3, 3, 3, 3, 3, 3, 3), x2 = c(7, 7, 7, 7, 4, 4, 
4, 4, 4, 4, 4, 9, 9, 9, 9, 9, 1, 1, 1), y = c(275.75362000000001, 
283.75033000000002, 273.07319000000001, 278.97667000000001, 159.33665999999999, 
171.11448999999999, 178.16202000000001, 176.35677999999999, 159.78192999999999, 
154.40598, 160.74994000000001, 505.26274000000001, 504.98421000000002, 
505.28293000000002, 511.93498, 516.02777000000003, 80.569180000000003, 
71.203590000000005, 61.057040000000001)), class = "data.frame", row.names = c(NA, 
-19L))
