crossdata.for1 <-
list(`Rows in stage` = list(NULL, NULL, NULL, c(7, 9, 16, 12), 
    c(15, 14, 6, 13, 16), c(6, 14, 15, 13, 12, 8), c(14, 6, 13, 
    12, 8, 7, 15), c(14, 13, 8, 6, 12, 7, 15, 16), c(8, 14, 6, 
    7, 13, 15, 12, 16, 11), c(6, 14, 13, 15, 12, 8, 7, 16, 11, 
    9), c(14, 13, 15, 6, 12, 11, 9, 8, 16, 7, 5), c(14, 13, 15, 
    12, 9, 11, 6, 16, 5, 8, 10, 7), c(14, 13, 9, 11, 15, 12, 
    5, 6, 16, 10, 8, 7, 3), c(3, 14, 15, 13, 1, 11, 12, 9, 6, 
    5, 16, 4, 10, 8), c(1, 11, 3, 9, 14, 15, 13, 12, 5, 4, 10, 
    16, 2, 6, 8), c(1, 11, 9, 14, 4, 15, 13, 12, 3, 5, 2, 10, 
    16, 6, 8, 7), c(1, 14, 4, 15, 13, 11, 12, 3, 9, 2, 6, 5, 
    16, 10, 8, 7, 17), c(17, 4, 1, 15, 14, 12, 13, 3, 11, 6, 
    2, 9, 5, 16, 18, 8, 10, 7), c(4, 1, 15, 14, 12, 13, 17, 18, 
    3, 11, 6, 2, 9, 5, 16, 8, 10, 7, 19)), `Standardized residuals` = structure(c(0, 
0, 0, 0, 0, 0, 0, 0, 0, 0, 0, 0, 0, 0, 0, 0, 0, 0, 0, 0, 0, 0, 
0, 0, 0, 0, 0, 0, 0, 0, 0, 0, 0, 0, 0, 0, 0, 0, 0, 0, 0, 0, 0, 
0, 0, 0, 0, 0, 0, 0, 0, 0, 0, 0, 0, 0, 0, 14.055736261687786, 
15.000365517045248, 13.734462831345493, 14.840362515891151, -1.3320318607451727, 
0.52864015649780483, 1.1750244975236415, 0.97406448802392831, 
-0.82043710925541691, -1.5126967988364386, -0.82027441284882863, 
-0.8172857778166539, -0.6362902299663572, -0.46723392698648236, 
0.2105440577844746, 0.81066142262439989, -56.298646754905931, 
-57.238110978360538, -58.326700023263186, 13.772496394444527, 
14.717502130067093, 13.451762227886155, 14.551741506052409, -1.6110897707192966, 
0.2437393101487273, 0.89472127321814643, 0.6930226940608365, 
-1.1069689711974404, -1.7992757621744002, -1.1041724103224038, 
-0.67460305757347461, -0.49648640691768886, -0.32962476209487612, 
0.35132164029044483, 0.94945317917589356, -56.155233275872767, 
-57.097987565703882, -58.190355404701791, 13.425022634052958, 
14.370781535669298, 13.104980429229526, 14.195885779522028, -1.9522373338668839, 
-0.10634709311754917, 0.55170937582302482, 0.34889557958755985, 
-1.4596391094534602, -2.1520326563393799, -1.4528587955920276, 
-0.32216408562138843, -0.14858309590073454, 0.014902077903155779, 
0.70072810677534281, 1.2959219653062355, -55.801590483068374, 
-56.749605660741764, -57.847812448245399, 13.230495156948514, 
14.176352221695318, 12.910806575006561, 13.998642942552948, -2.1445511318386057, 
-0.30169871990372404, 0.35872564672244239, 0.15551977031122358, 
-1.6557899842741834, -2.3481999269469145, -1.6476151353325543, 
-0.32185075508166899, -0.14969421152831006, 0.012660369361611827, 
0.70011585955286182, 1.2942220059546405, -55.800944500701199, 
-56.750544928199233, -57.850684460458076, 13.231786955734277, 
14.177249964905505, 12.912054967823604, 14.002357267680935, -2.1448889978260719, 
-0.29962494570608589, 0.35884680686963211, 0.15592599062324683, 
-1.6529237976339306, -2.3452945043249094, -1.6457745452775903, 
-0.56142570755842913, -0.38790398494537853, -0.22461802933514921, 
0.46148606339713877, 1.0562767035088581, -56.040936716962243, 
-56.988872695746274, -58.087374509749857, 13.708433077068877, 
14.653655559420498, 13.38783461529354, 14.485656771698393, -1.6736670026262366, 
0.17904057029220038, 0.83171031862479561, 0.62975020725063302, 
-1.1722999028948873, -1.8646304353734366, -1.1685676471857049, 
-0.56219345404174381, -0.38518144434536844, -0.21912522339638929, 
0.46298623842762682, 1.0604420740952099, -56.042519552427635, 
-56.986571230692746, -58.080337285487367, 14.019945580146919, 
14.965010865978355, 13.69878083359481, 14.801517599037792, -1.3656994420823103, 
0.49187285057650099, 1.1407506937959677, 0.93941845195868845, 
-0.85818772241585783, -1.5504919990015791, -0.8566886479514525, 
-0.56269521544932433, -0.38340212547741076, -0.21553539511434183, 
0.46396667917364637, 1.0631643558038257, -56.043554015975609, 
-56.985067106128483, -58.075738101215016, 14.237404779657034, 
15.182360330472688, 13.915844723661358, 15.022012256527084, -1.1507148795712432, 
0.7102533540213426, 1.3564841617530785, 1.1555902201623214, -0.63891375219504887, 
-1.331199700189212, -0.63897360650896751, -0.56304548271932953, 
-0.38216002683646755, -0.21302942448107864, 0.46465110069026377, 
1.0650647135594888, -56.044276149478542, -56.984017113847337, 
-58.072527524045917, 14.485599861665881, 15.430430167418058, 
14.163588622827691, 15.273671830927039, -0.90534420202218924, 
0.95949995790719078, 1.6027095957300799, 1.4023159041442321, 
-0.38864739812052618, -1.0809124269432142, -0.39048652163459396, 
-0.56344525708620219, -0.3807423688355675, -0.21016925766250324, 
0.46543225897114282, 1.0672336696214761, -56.04510034999241, 
-56.982818714695135, -58.068863160958117, 0.44049074790086706, 
1.4437185193124757, 0.071459655470172689, 1.0470308591642061, 
-0.89659330436582174, 0.83144838690788458, 1.5978809198794155, 
1.4079835171681312, -0.57609275273680838, -1.2454438093315712, 
-0.52532471164017724, -0.53620979769869326, -0.42122665427048922, 
-0.32282923087688359, 0.42119296632684972, 1.0173326992538481, 
-18.592627416573489, -19.69672732364274, -20.877351113452992, 
0.068357131072656091, 1.0741324733865989, -0.30333418855177985, 
0.6703705211418608, -0.62549544550404024, 1.1005305602464508, 
1.8692972200259559, 1.6804344302167058, -0.30861714465002538, 
-0.97689129252193008, -0.25739256892531626, -0.53539825393571661, 
-0.42152458185529662, -0.32485518134271518, 0.42002015030005541, 
1.0174305309590299, -16.87106983028351, -17.98059039490937, -19.162843482276109, 
-0.18723604356892146, 0.8196020169850774, -0.55978303142304187, 
0.41147382614251554, -0.62533619649464844, 1.0982002752138387, 
1.86920934768693, 1.6805375695511133, -0.3120282789366885, -0.97988543788683868, 
-0.25984635698541747, -0.53490262250475362, -0.42226131568578301, 
-0.32690536977310014, 0.4192150827737805, 1.0165224321090873, 
-16.189508983892491, -17.302057363131315, -18.48603160727064, 
-0.18938333038266375, 0.81646336335688596, -0.56052309898688069, 
0.40901571121654651, -0.89620085717649789, 0.82570572128651565, 
1.5976643706361033, 1.408237689812899, -0.5844990220659515, -1.2528224670544259, 
-0.53137173341546429, -0.5349883824900793, -0.4230422330436302, 
-0.32788163710693591, 0.41920898859819161, 1.0150948150579124, 
-16.913014842737667, -18.024576380741401, -19.209441723704359, 
-0.28644036090433633, 0.73966005680821334, -0.635535379390471, 
0.13850824065213996, -0.84724311815033559, 0.69425567004986222, 
1.5981280225849148, 1.3725614766035883, -0.77866403184504884, 
-1.482596743413521, -0.65564210634125597, -0.47729974587136259, 
-0.50196800635160743, -0.45080486276495563, 0.40149644231147841, 
0.94914822090862927, -0.010500691488686053, -1.2309804582082067, 
-2.55035747972267, -0.28996461039367755, 0.73687124272200777, 
-0.63825915931126953, 0.12868581140751192, -0.845465407810016, 
0.68948257145565495, 1.5981448583064854, 1.371266033341946, -0.78571438082933476, 
-1.4909401047523396, -0.66015450277422449, -0.47520500686021444, 
-0.50483388958315167, -0.45526834277173117, 0.4008532799164265, 
0.94675362620997772, 0.60324852941082874, -0.62118618018984706, 
-1.9454474714155572, -0.29368477549043187, 0.73392739642048788, 
-0.64113435615054715, 0.1183173461350958, -0.84358887325127319, 
0.68444413281859817, 1.5981626299381597, 1.3698985754416526, 
-0.7931566638716927, -1.4997472796519957, -0.66491774662616698, 
-0.47299381977486632, -0.50785908936017932, -0.45997995089753768, 
0.40017436365333758, 0.94422591424018665, 1.2511165185213471, 
0.022507007871304264, -1.3069100731922529),